# Erstellt durch matrix_speichern_ascii()
# Dateiname: b_ascii.dat
225 1
  4.102360291454174
  8.040386777389969
  1.701323614316678
  6.668975798724667
  9.489261670731594
  7.343668419562121
  2.001079475507652
  2.770957272858816
  2.940364686278791
  3.529940128107519
  3.154596268737045
  3.766342412571568
  9.887334713659872
  2.548933775419801
  0.882813148611602
  4.024358747538344
  1.707587410559679
  1.153824129679172
  3.164583865164111
  0.895613176233894
  9.839077307767724
  7.543276449452740
  8.196809286343317
  2.640693221539578
  6.834043807738460
  0.838472661952693
  1.163720680011302
  5.521780539081320
  1.443602229209429
  5.331691939072543
  3.146786099833808
  3.683765364663564
  7.733500510330074
  3.148806869587297
  1.052203216148627
  4.722908025012771
  8.579893814669873
  1.613551374344880
  7.812262972729414
  2.452464146750259
  5.893762156317827
  9.629596466957388
  6.098273776517402
  4.358998143281312
  2.148665926488427
  9.370806496297376
  2.491519182218013
  5.454405865377936
  5.629883453077575
  7.300161792570790
  6.963773340435608
  0.678400267231453
  4.995009356641660
  6.129710537441852
  0.336986123741127
  9.559807781856392
  7.790481563559943
  9.582654051288316
  0.718120076096660
  7.665283334285611
  6.842690877077480
  8.049231049627643
  8.316510267703109
  7.675616367568992
  1.258562203151428
  4.376972785395097
  5.364770752081967
  4.866350435123920
  4.173740583552870
  0.454389532308227
  5.174057299817889
  3.252899643617141
  8.134046731579168
  7.393722784423133
  3.402722162847741
  1.448778180148814
  9.950942308619133
  3.996246933935311
  4.998404185752577
  1.513983472955346
  3.391158489226868
  2.065873850167662
  4.902741128999139
  6.796419334968732
  7.403521625047290
  5.810177687467174
  9.826992312365647
  6.221668476342053
  4.808703304645000
  0.012474916881175
  9.034728793909188
  8.906194832597933
  7.617002407841809
  2.769313763254019
  8.641869047955524
  7.113244378526332
  3.624316446308200
  3.231004296443899
  5.337305178557187
  3.143886673796899
  0.505466056291681
  6.167826906856050
  0.959177059568098
  8.216791948404534
  6.962249040120398
  2.217937466789948
  4.466640858196946
  2.772276239829282
  0.733686923391019
  0.652146083606496
  0.290282140621088
  5.201534677856415
  6.111079899645887
  5.178717610043805
  5.624484422441782
  1.747788573497843
  0.287517225503663
  1.123730033228043
  2.829855011231174
  2.535612304944365
  0.288760075480091
  0.044466988204256
  8.940879962845145
  9.914020774845994
  0.244937106149692
  4.971944254344308
  9.961205944400803
  5.371669621845513
  0.794069753398205
  1.044033854754645
  2.978300998442890
  1.055255281298983
  3.488149663195045
  7.485598790219797
  9.045250559712418
  5.768895342838448
  3.070380493565629
  7.878992621730532
  0.978832864658379
  7.485274508355772
  8.696561459776248
  8.268318892581519
  0.223670057125176
  6.470649059149721
  5.799606822337807
  0.508278524739737
  9.725021677894958
  7.320473826173895
  6.953319998901939
  6.771034764484980
  3.567300482451579
  2.923356803564047
  5.674482968484305
  2.847623388677640
  2.578404495761937
  5.101872382267288
  9.007949302442341
  4.360239074733201
  3.924396770971057
  4.218948434208954
  3.749443890410213
  9.980858271001296
  0.405293777773750
  4.352585894219839
  5.767499960850703
  4.937380354356662
  6.433192732014305
  5.771498547760523
  8.276101736480420
  5.081563543100643
  4.999782314989588
  4.121578267832078
  6.258273933203107
  9.542805123861342
  9.035814827790396
  8.515897299403299
  1.405813643432126
  1.820186484521336
  1.804258922023823
  5.665959099152104
  1.083656694313353
  3.090359272011721
  9.593974388946762
  4.262031840282503
  5.929405263592201
  6.286431642382603
  3.912996255752141
  0.404135659525231
  4.366747580639426
  0.490296958242673
  5.377499724448413
  0.062053082539723
  0.723564476111697
  7.816888833333209
  9.337029601138561
  3.706139770199607
  4.904476522889208
  8.351068998850437
  9.617389817543959
  1.238517771120435
  5.183616478547272
  1.423036335698804
  1.165950513056437
  8.072294186834377
  0.334682944386579
  6.633279163685287
  4.092057973189320
  5.130451449719452
  0.477745710163250
  3.704090250518215
  0.424173921544186
  2.592907581754453
  8.495457893468178
  7.183369792617569
  7.656344397764798
  1.748324153827646
  0.665701427806965
  8.928923108116223
  1.845406504275935
  5.982222853220176
  7.644957521765001
  3.503053301713926
  2.173937923355931
  0.733455145141784
  9.603616259807538
