# Erstellt durch matrix_speichern_ascii()
# Dateiname: x_exakt_ascii.dat
225 1
  7.260657421287787
  12.860658814993014
  15.390863946536355
  19.504315040663826
  22.622483022067364
  23.963682511379581
  23.168685194103048
  22.901185163107094
  22.204141083285805
  21.500073361350523
  20.047137841167974
  18.759420924160075
  17.510883702524129
  11.809415556850869
  6.188889575871711
  12.079610578703958
  20.750727114757943
  27.497158316171898
  33.334937395326918
  37.532672865494455
  42.719893409785783
  43.808793626417874
  43.460957102180707
  41.474941122406804
  40.219074392840795
  36.774460810424252
  33.713319740376626
  29.587363615425698
  20.988955173587836
  12.063329598024373
  16.282699031231758
  28.857893338603223
  39.358280678387210
  45.641019493813374
  50.557764458563867
  55.735347328083492
  58.342362350149223
  57.462099210447739
  57.374898689780323
  54.292778469443149
  52.279838605358911
  48.568312931485174
  40.614515306132873
  29.052109694840976
  15.743781703565402
  21.046506107786044
  35.356101165372408
  47.703551054630267
  56.164288573388212
  62.269814930715512
  66.598461068822331
  67.783315420977914
  69.056627325335825
  68.457512984094194
  64.844838043042301
  63.590040053765243
  58.035981607114898
  49.152001206262241
  34.502188452796474
  19.711021594907834
  23.176417738242634
  41.324934978252088
  54.481127935995310
  63.412885361316121
  68.458583829516854
  73.641593255076799
  76.457410672372831
  77.528572329181785
  76.423977340776460
  72.702034541125499
  69.639694177688455
  63.043090673386992
  53.872665407716411
  39.375501239078183
  20.932832888983846
  23.491538989854924
  44.236862023770357
  57.166630082079678
  66.871924738795116
  73.251479567807564
  78.674944664200069
  81.511390932172858
  83.309923543118089
  82.834048925151507
  79.445239070686540
  74.049554142658195
  67.371121857411055
  55.786021780559068
  40.800595422392867
  21.242086559101626
  25.104098017257890
  45.013401736275611
  59.080358695822611
  68.658299758224530
  77.486481565762858
  82.904156412516187
  85.537410998832769
  86.462940856967066
  85.360636411056220
  80.791797048763669
  73.931983777379557
  66.778828520674324
  54.878035958373886
  41.990068806187587
  23.222443008148616
  22.876722548991843
  42.726093375653662
  57.866100798868800
  68.425120269263516
  76.490121476547628
  82.804544042742720
  87.646839347366750
  88.412788178417287
  86.016453634785449
  81.285442262135462
  73.602289341130358
  64.766345582676763
  53.998047666506466
  40.842408887430452
  22.695367627184851
  21.458761336265880
  40.681507560281439
  58.460554614906144
  69.952272120022101
  76.592193944814923
  83.886776793919239
  88.631079491617811
  87.413838974903996
  83.828230077489025
  79.106744601420587
  72.677597168831795
  64.398699576892241
  54.381670204316720
  41.856296438611722
  24.181006308215970
  21.988055160310147
  40.036153926095814
  56.401458017607084
  66.417198876257842
  75.794668282621032
  82.547345442157209
  85.615656905880456
  83.411588530246348
  81.981813345447861
  77.591675042471422
  70.624354157441104
  64.713930070444704
  53.785487472061405
  40.534501564263948
  23.127110607354890
  20.688410036040445
  38.003214472618957
  52.812932031437995
  62.541564220122773
  70.136660358898382
  76.195718326431845
  79.604295266918925
  78.411374837627903
  76.625110672434928
  72.854181243238344
  67.005935823276758
  60.322157397489093
  48.191374223046353
  36.415791740125833
  21.021899792454661
  19.195070028781096
  35.552005093337527
  48.631008446918869
  57.951842225219231
  63.436286110655949
  67.392699855485560
  69.186481695293168
  69.644265806178225
  69.328676492454534
  65.975055000561326
  60.473606604528278
  51.396531202187248
  41.836766504735330
  31.562805486518531
  18.777196861487223
  15.602484631389750
  29.945534693016882
  42.435755889920202
  48.922408386698919
  53.182378459919988
  55.752530974571684
  55.983087584757882
  55.392256266134190
  55.527469366782327
  52.207940834233739
  49.001007092684482
  41.547780658564172
  34.376168622667855
  27.417207917701916
  16.858123067823598
  12.185677109447669
  23.101533885408319
  32.650097644099375
  37.857625131453744
  38.688883104161206
  40.165526355740703
  39.688085147280347
  40.010066647293094
  40.814256293667412
  37.837934918664146
  36.397200548963333
  31.355362634177371
  25.979354933558305
  19.054845660464466
  11.901057890966690
  6.332550150793000
  12.720349572180144
  18.854406670764803
  21.551721573311518
  22.311484698409956
  21.348989718402301
  21.170623665630899
  22.979718369033982
  21.809260055095713
  21.597659053405522
  20.761218386642053
  17.405056422434356
  14.000591367204073
  10.444016189467701
  7.987172585060483
